0,0.000000000000000052761043432018
1,0.000000000000000000000000000000
2,0.000000000000000343339572984779
3,0.000000000000001398777459651335
4,0.000000000000002821059730712045
5,0.000000000000005363296829969500
6,0.000000000000008880230030665449
7,0.000000000000006850810513704895
8,0.000000000000009375367367912571
9,0.000000000000015376015192975516
10,0.000000000000016395798364027959
11,0.000000000000011442960844859322
12,0.000000000000009408244738283401
13,0.000000000000013333097760941656
14,0.000000000000020232413565511469
15,0.000000000000030420417192519332
16,0.000000000000030339292482568961
17,0.000000000000055128578371213934
18,0.000000000000047779990429928336
19,0.000000000000052722619757299240
20,0.000000000000054965572162813425
21,0.000000000000092921689221668919
22,0.000000000000109124314971659210
23,0.000000000000149076836256534000
24,0.000000000000160049355361468620
25,0.000000000000157092338825828380
26,0.000000000000130897795666880870
27,0.000000000000156151584746266140
28,0.000000000000100909288035797430
29,0.000000000000135755455257762600
30,0.000000000000126475128445834900
31,0.000000000000119565930992083870
32,0.000000000000099104700714895983
33,0.000000000000089816990566448542
34,0.000000000000069059148685126075
35,0.000000000000067855878904233351
36,0.000000000000052882887427985467
37,0.000000000000058050328232742701
38,0.000000000000056919150056240343
39,0.000000000000055680614808418678
40,0.000000000000051745327380025015
41,0.000000000000056469218486410883
42,0.000000000000044182218728091566
43,0.000000000000048434728490675272
44,0.000000000000051553516145542657
45,0.000000000000057344674208509988
46,0.000000000000064748144600115718
47,0.000000000000063543655481433623
48,0.000000000000053491807874388697
49,0.000000000000059348219069808352
50,0.000000000000058098442546046467
51,0.000000000000054395008904558290
52,0.000000000000055078372210332323
53,0.000000000000055031241484273648
54,0.000000000000051441113094821738
55,0.000000000000047686359155002436
56,0.000000000000047693234519557785
57,0.000000000000043046800967695703
58,0.000000000000043951197023503458
59,0.000000000000040898837277113617
60,0.000000000000033485570304146193
61,0.000000000000020406112499640268
62,0.000000000000012636878236534778
63,0.000000000000010384607050903908
64,0.000000000000012360608271393018
65,0.000000000000014676299876195293
66,0.000000000000022132263918823539
67,0.000000000000029130800330995527
68,0.000000000000040423529861975432
69,0.000000000000056261974698853557
70,0.000000000000070799964863845838
71,0.000000000000060354160485512243
72,0.000000000000045295733612717528
73,0.000000000000031753163615910203
74,0.000000000000023315318648974317
75,0.000000000000017678400010595003
76,0.000000000000013456993601527754
77,0.000000000000014081095125978581
78,0.000000000000018194858129878282
79,0.000000000000023252249602296432
80,0.000000000000022931182418355116
81,0.000000000000017616999235561221
82,0.000000000000011613397534859231
83,0.000000000000007251367684059846
84,0.000000000000005886032937771537
85,0.000000000000006664865372997854
86,0.000000000000007393758630290806
87,0.000000000000007377363677897964
88,0.000000000000006073065116746788
89,0.000000000000004701492433768154
90,0.000000000000004248213132454450
91,0.000000000000003868452671118676
92,0.000000000000003292418454083473
93,0.000000000000002433963863480877
94,0.000000000000002553946019972474
95,0.000000000000003390137856224533
96,0.000000000000003639629090799773
97,0.000000000000003856833314774504
98,0.000000000000005167306756448606
99,0.000000000000006537602833563438
100,0.000000000000007696276166176907
101,0.000000000000008234020034688513
102,0.000000000000009745893165223878
103,0.000000000000011521914478460010
104,0.000000000000012605324186971690
105,0.000000000000015425640825244344
106,0.000000000000016918140667886188
107,0.000000000000016989349833476425
108,0.000000000000017741999968483847
109,0.000000000000019728877186070290
110,0.000000000000018233958757382634
111,0.000000000000018010454926982723
112,0.000000000000015768638209959831
113,0.000000000000014596512075012461
114,0.000000000000013920362095738818
115,0.000000000000015584633047698835
116,0.000000000000015255610784908934
117,0.000000000000014401767584786288
118,0.000000000000012968945381947583
119,0.000000000000015277531952373559
120,0.000000000000015080187176665149
121,0.000000000000017180244996884967
122,0.000000000000016902349387424076
123,0.000000000000017741331389341813
124,0.000000000000018056438318059593
125,0.000000000000020486268506773071
126,0.000000000000020279908613322492
127,0.000000000000019808792111098616
128,0.000000000000016941945966537509
129,0.000000000000013995339403471160
130,0.000000000000011855962803930106
131,0.000000000000009378437929100814
132,0.000000000000007136866505675765
133,0.000000000000005966224027997356
134,0.000000000000004567221124250498
135,0.000000000000004172224274022877
136,0.000000000000003240481510631764
137,0.000000000000002421331165903684
138,0.000000000000002196396332685651
139,0.000000000000003091608105599377
140,0.000000000000002996913140676283
141,0.000000000000002683771484390405
142,0.000000000000002871769060204800
143,0.000000000000002401918724225668
144,0.000000000000002221196461300921
145,0.000000000000002225960499092925
146,0.000000000000002080500685514371
147,0.000000000000001651454761340647
148,0.000000000000001333499572232385
149,0.000000000000000998837153309243
150,0.000000000000000866715044720797
151,0.000000000000000769741778903012
152,0.000000000000000699294169530574
153,0.000000000000000813202111816613
154,0.000000000000000933730450936924
155,0.000000000000001072756859652909
156,0.000000000000001107433025308097
157,0.000000000000001314613780030664
158,0.000000000000000966015074185037
159,0.000000000000000733011234270276
160,0.000000000000000563908131040424
161,0.000000000000000523221925297868
162,0.000000000000000428985330419898
163,0.000000000000000446582695309442
164,0.000000000000000538174633875317
165,0.000000000000000535024604494278
166,0.000000000000000441934946901932
167,0.000000000000000282450483379257
168,0.000000000000000221940789753104
169,0.000000000000000163685508624636
170,0.000000000000000152080363935559
171,0.000000000000000135999352135330
172,0.000000000000000142405128964788
173,0.000000000000000133296670710630
174,0.000000000000000097244271910150
175,0.000000000000000074239139039486
176,0.000000000000000047816680991436
177,0.000000000000000030028739862878
178,0.000000000000000019964319654525
179,0.000000000000000013409068534096
180,0.000000000000000008655504298711
181,0.000000000000000006852291004645
182,0.000000000000000006524921917312
183,0.000000000000000006657705250548
184,0.000000000000000005694076000562
185,0.000000000000000004300753086610
186,0.000000000000000003853536613239
187,0.000000000000000003855708096368
188,0.000000000000000004347214056875
189,0.000000000000000004353314586527
190,0.000000000000000004919387072862
191,0.000000000000000005296616561639
192,0.000000000000000004669967504025
193,0.000000000000000003734284389332
194,0.000000000000000003141351058422
195,0.000000000000000002841607362352
196,0.000000000000000002186175754051
197,0.000000000000000002011757947499
198,0.000000000000000002291381198216
199,0.000000000000000002752470989176
200,0.000000000000000003640999663153
201,0.000000000000000004057040487397
202,0.000000000000000005437691371581
203,0.000000000000000006799378609450
204,0.000000000000000008242586161209
205,0.000000000000000008566553296946
206,0.000000000000000008096725928902
207,0.000000000000000008463414248832
208,0.000000000000000008072879508574
209,0.000000000000000009925109434554
210,0.000000000000000009370990735497
211,0.000000000000000009737173565129
212,0.000000000000000009323997669848
213,0.000000000000000008199222656150
214,0.000000000000000006234998210403
215,0.000000000000000005398265964196
216,0.000000000000000004635811696272
217,0.000000000000000004424662663043
218,0.000000000000000003726685793852
219,0.000000000000000002779746331679
220,0.000000000000000002330607768447
221,0.000000000000000002101264872816
222,0.000000000000000001793419039724
223,0.000000000000000001345831954637
224,0.000000000000000000954952022343
225,0.000000000000000000790355900254
226,0.000000000000000000857011228794
227,0.000000000000000000818725293531
228,0.000000000000000000671090337618
229,0.000000000000000000546759759541
230,0.000000000000000000544580615597
231,0.000000000000000000445982135002
232,0.000000000000000000348011035014
233,0.000000000000000000269970001377
234,0.000000000000000000235613764101
235,0.000000000000000000212387169553
236,0.000000000000000000225388530200
237,0.000000000000000000176815602458
238,0.000000000000000000140375227012
239,0.000000000000000000095789926252
240,0.000000000000000000073912639677
241,0.000000000000000000051641439774
242,0.000000000000000000037319619322
243,0.000000000000000000032729091055
244,0.000000000000000000027372939610
245,0.000000000000000000028207958042
246,0.000000000000000000027731458036
247,0.000000000000000000035292061317
248,0.000000000000000000038297893967
249,0.000000000000000000044776255722
250,0.000000000000000000039303974189
251,0.000000000000000000034437558965
252,0.000000000000000000036118529100
253,0.000000000000000000033638288072
254,0.000000000000000000031295105984
255,0.000000000000000000021773431282
256,0.000000000000000000013683413536
257,0.000000000000000000007717961204
258,0.000000000000000000006563663602
259,0.000000000000000000005400782358
260,0.000000000000000000004694594958
261,0.000000000000000000004862529687
262,0.000000000000000000003893823526
263,0.000000000000000000003790244907
264,0.000000000000000000003103088529
265,0.000000000000000000002677090902
266,0.000000000000000000001847646703
267,0.000000000000000000001313605511
268,0.000000000000000000001008002066
269,0.000000000000000000000705807654
270,0.000000000000000000000577286196
271,0.000000000000000000000512264836
272,0.000000000000000000000569576716
273,0.000000000000000000000543829520
274,0.000000000000000000000500974969
275,0.000000000000000000000531488824
276,0.000000000000000000000613829882
277,0.000000000000000000000797032934
278,0.000000000000000000001016830701
279,0.000000000000000000001208283339
280,0.000000000000000000001619230756
281,0.000000000000000000001636180033
282,0.000000000000000000001441068069
283,0.000000000000000000001400261993
284,0.000000000000000000001197664848
285,0.000000000000000000001048498413
286,0.000000000000000000000894314909
287,0.000000000000000000000815378250
288,0.000000000000000000000733882902
289,0.000000000000000000000674136225
290,0.000000000000000000000631385142
291,0.000000000000000000000491883442
292,0.000000000000000000000467853814
293,0.000000000000000000000392621867
294,0.000000000000000000000303490201
295,0.000000000000000000000237593157
296,0.000000000000000000000188229390
297,0.000000000000000000000153166854
298,0.000000000000000000000110586072
299,0.000000000000000000000072778712
300,0.000000000000000000000047481434
301,0.000000000000000000000033932065
302,0.000000000000000000000023438188
303,0.000000000000000000000017381971
304,0.000000000000000000000016327466
305,0.000000000000000000000012205193
306,0.000000000000000000000008542836
307,0.000000000000000000000005955869
308,0.000000000000000000000004583864
309,0.000000000000000000000003659088
310,0.000000000000000000000003174037
311,0.000000000000000000000002217082
312,0.000000000000000000000001667546
313,0.000000000000000000000001113095
314,0.000000000000000000000000686065
315,0.000000000000000000000000586413
316,0.000000000000000000000000493020
317,0.000000000000000000000000473876
318,0.000000000000000000000000383747
319,0.000000000000000000000000329076
320,0.000000000000000000000000278104
321,0.000000000000000000000000319151
322,0.000000000000000000000000334182
323,0.000000000000000000000000343846
324,0.000000000000000000000000340343
325,0.000000000000000000000000310856
326,0.000000000000000000000000231407
327,0.000000000000000000000000180257
328,0.000000000000000000000000131314
329,0.000000000000000000000000126250
330,0.000000000000000000000000116692
331,0.000000000000000000000000110184
332,0.000000000000000000000000142022
333,0.000000000000000000000000193759
334,0.000000000000000000000000306661
335,0.000000000000000000000000350761
336,0.000000000000000000000000465105
337,0.000000000000000000000000721760
338,0.000000000000000000000001684420
339,0.000000000000000000000002286269
340,0.000000000000000000000002987429
341,0.000000000000000000000002817658
342,0.000000000000000000000003198062
343,0.000000000000000000000003531554
344,0.000000000000000000000004113482
345,0.000000000000000000000004389582
346,0.000000000000000000000004307723
347,0.000000000000000000000003875010
348,0.000000000000000000000002473846
349,0.000000000000000000000001649901
350,0.000000000000000000000000955909
351,0.000000000000000000000000679488
352,0.000000000000000000000000512066
353,0.000000000000000000000000340243
354,0.000000000000000000000000167710
355,0.000000000000000000000000097211
356,0.000000000000000000000000068275
357,0.000000000000000000000000054576
358,0.000000000000000000000000037553
359,0.000000000000000000000000025586
360,0.000000000000000000000000019058
361,0.000000000000000000000000018923
362,0.000000000000000000000000027087
363,0.000000000000000000000000039069
364,0.000000000000000000000000052156
365,0.000000000000000000000000065140
366,0.000000000000000000000000085059
367,0.000000000000000000000000102556
368,0.000000000000000000000000107173
369,0.000000000000000000000000099112
370,0.000000000000000000000000107896
371,0.000000000000000000000000118107
372,0.000000000000000000000000124988
373,0.000000000000000000000000120289
374,0.000000000000000000000000110918
375,0.000000000000000000000000091168
376,0.000000000000000000000000071172
377,0.000000000000000000000000048338
378,0.000000000000000000000000034725
379,0.000000000000000000000000025013
380,0.000000000000000000000000016827
381,0.000000000000000000000000011725
382,0.000000000000000000000000009137
383,0.000000000000000000000000006354
384,0.000000000000000000000000004088
385,0.000000000000000000000000002581
386,0.000000000000000000000000001524
387,0.000000000000000000000000001030
388,0.000000000000000000000000000736
389,0.000000000000000000000000000508
390,0.000000000000000000000000000348
391,0.000000000000000000000000000208
392,0.000000000000000000000000000137
393,0.000000000000000000000000000104
394,0.000000000000000000000000000080
395,0.000000000000000000000000000057
396,0.000000000000000000000000000037
397,0.000000000000000000000000000025
398,0.000000000000000000000000000020
399,0.000000000000000000000000000016
400,0.000000000000000000000000000010
401,0.000000000000000000000000000005
402,0.000000000000000000000000000002
403,0.000000000000000000000000000001
