0,0.000001012987013132426700000000
1,0.000000000000000000000000000000
2,0.000000548349567175644800000000
3,0.000000288470587206131340000000
4,0.000000272135412122332870000000
5,0.000000260019971256108430000000
6,0.000000554414986350108030000000
7,0.000000765333988214652180000000
8,0.000001061487739096215100000000
9,0.000000692486651860746840000000
10,0.000000583401307137175690000000
11,0.000000804805964103977250000000
12,0.000001147434317103400800000000
13,0.000001170408755207453100000000
14,0.000000967350915541154290000000
15,0.000000972712917791019270000000
16,0.000001092608548346896200000000
17,0.000001224753450412896000000000
18,0.000001154761800409873600000000
19,0.000001212777754842041800000000
20,0.000001159050587860089600000000
21,0.000001283807068287510600000000
22,0.000001245685942501854100000000
23,0.000001378658734353063300000000
24,0.000001320484937471479100000000
25,0.000001488933877620164300000000
26,0.000001317591072175495800000000
27,0.000001439779492642426500000000
28,0.000001295021558368915000000000
29,0.000001611154792368557000000000
30,0.000001515129625420196600000000
31,0.000001679562917760504300000000
32,0.000001532562630957314400000000
33,0.000001625433208488420300000000
34,0.000001535878666953828400000000
35,0.000001750703805932393900000000
36,0.000001539851079363468600000000
37,0.000001881813338216613000000000
38,0.000001640882200102834900000000
39,0.000001904477737745330300000000
40,0.000001712742371198879500000000
41,0.000001897023562198109900000000
42,0.000001752972824322237700000000
43,0.000001969452075058032200000000
44,0.000001852253151099451200000000
45,0.000002004142515579929800000000
46,0.000001797649047697494900000000
47,0.000002008445889924121900000000
48,0.000001815843228611507500000000
49,0.000002122970376995441500000000
50,0.000001946934165100099900000000
51,0.000001962959022594862200000000
52,0.000001893141487386939400000000
53,0.000002065953253613997200000000
54,0.000002056664151371940000000000
55,0.000002076086008901357400000000
56,0.000002104964044321513100000000
57,0.000002203601230627235100000000
58,0.000002692870259158776600000000
59,0.000002847374750913632300000000
60,0.000003125969581012278100000000
61,0.000002589133199707221400000000
62,0.000001575921137763452100000000
63,0.000001019138103396785300000000
64,0.000000860146556547646650000000
65,0.000000843248110411181510000000
66,0.000001054629947490216000000000
67,0.000001664839063670537000000000
68,0.000003268568198336408800000000
69,0.000005214943379239292500000000
70,0.000007545664801123143500000000
71,0.000008957492355299806200000000
72,0.000010586661919753014000000000
73,0.000009185396144803081800000000
74,0.000005889683579123611300000000
75,0.000005140578748663821400000000
76,0.000004659082417030312800000000
77,0.000004134798327377860700000000
78,0.000004037156421947352400000000
79,0.000003305429535144225000000000
80,0.000002868048773834047200000000
81,0.000002157595617038773800000000
82,0.000001536159985830064100000000
83,0.000001294078284983272700000000
84,0.000001159766009753457600000000
85,0.000001210801030354700600000000
86,0.000001051418138809686800000000
87,0.000001076998492970247100000000
88,0.000000987994281871048670000000
89,0.000000994171698291085180000000
90,0.000000775368134490617310000000
91,0.000000643947008595835100000000
92,0.000000680763726564892230000000
93,0.000000669827075102300290000000
94,0.000000599459457902978980000000
95,0.000000466467803458598130000000
96,0.000000438862472640284300000000
97,0.000000404545295291194140000000
98,0.000000435269947961065740000000
99,0.000000623634686892408910000000
100,0.000000656995711800415460000000
101,0.000000671388288101657840000000
102,0.000000820666654303397240000000
103,0.000001066941625606163900000000
104,0.000001526382435118962200000000
105,0.000002090723420842095200000000
106,0.000002778439948641530900000000
107,0.000002853494002689259900000000
108,0.000003336449163821303600000000
109,0.000004433966138656514900000000
110,0.000005904641924839076100000000
111,0.000006842902693987724800000000
112,0.000007549721429611767500000000
113,0.000008369821440921475900000000
114,0.000009436457955785256500000000
115,0.000013953370949453505000000000
116,0.000017712385635949754000000000
117,0.000021509145328019808000000000
118,0.000026195034904947577000000000
119,0.000032119196470349818000000000
120,0.000043977427347804594000000000
121,0.000056741520439476418000000000
122,0.000073141580777193790000000000
123,0.000070095348941565854000000000
124,0.000062242145503397015000000000
125,0.000058719663349385084000000000
126,0.000050155377763847571000000000
127,0.000046355584115479122000000000
128,0.000044927745164692522000000000
129,0.000032833584870033266000000000
130,0.000025084244968088843000000000
131,0.000021162041866848589000000000
132,0.000018931912811141563000000000
133,0.000021022356754462116000000000
134,0.000021875236299292802000000000
135,0.000023408140590519963000000000
136,0.000025222337903845011000000000
137,0.000023811102570074395000000000
138,0.000025248546521190970000000000
139,0.000027405277073264884000000000
140,0.000029909473554402148000000000
141,0.000022311494134048702000000000
142,0.000014708825146954943000000000
143,0.000010512390892109563000000000
144,0.000009775850443581900400000000
145,0.000008929027603135674200000000
146,0.000009810304690944969200000000
147,0.000010681245367079456000000000
148,0.000008397321948384475500000000
149,0.000005393586273135198300000000
150,0.000004178844386006885900000000
151,0.000002781751878362170900000000
152,0.000001968927750485960600000000
153,0.000001358516569102103100000000
154,0.000001273968513160498600000000
155,0.000001224010678117169900000000
156,0.000001303320387401776300000000
157,0.000001331499290354416000000000
158,0.000001153266055660911900000000
159,0.000001002665145198244700000000
160,0.000000831871604376059490000000
161,0.000000824016041151189800000000
162,0.000000936130285347558880000000
163,0.000000860806290276503460000000
164,0.000000770639627908977260000000
165,0.000000804925639573101490000000
166,0.000000763365955787602820000000
167,0.000000703099228979621070000000
168,0.000000656857288083864070000000
169,0.000000588108661193305520000000
170,0.000000556820307293276990000000
171,0.000000502078237040222380000000
172,0.000000570217806169329790000000
173,0.000000603355343399512210000000
174,0.000000617088155220318150000000
175,0.000000554666740256081680000000
176,0.000000450796485837228640000000
177,0.000000389125892115494180000000
178,0.000000348580797529193090000000
179,0.000000359406570180040730000000
180,0.000000307121899269848830000000
181,0.000000219806711560362790000000
182,0.000000140513522459641530000000
183,0.000000096468934735387706000000
184,0.000000067575614628555832000000
185,0.000000055043067540893135000000
186,0.000000045888638757770516000000
187,0.000000034177533388480177000000
188,0.000000025791355683986192000000
189,0.000000018069574969640059000000
190,0.000000010911406247483059000000
191,0.000000007356556197221027300000
192,0.000000005697383536665977900000
193,0.000000004738517193706346900000
194,0.000000003420634609322494100000
195,0.000000003037382195455236400000
196,0.000000002721260703205389000000
197,0.000000002303621437106297800000
198,0.000000001802681247222184600000
199,0.000000001467586333073514800000
200,0.000000001373974503141541300000
201,0.000000001225118122136850800000
202,0.000000001181622892102818600000
203,0.000000001044456097604677200000
204,0.000000000950299418682931200000
205,0.000000001065698952734333400000
206,0.000000001156069366364456400000
207,0.000000001202538474066934900000
208,0.000000001350412764817507500000
209,0.000000001354850363152631500000
210,0.000000001165556257393607000000
211,0.000000000931588398607301430000
212,0.000000000764774474122276390000
213,0.000000000539901342776960540000
214,0.000000000383153794714541120000
215,0.000000000351618784699421630000
216,0.000000000349523381178465410000
217,0.000000000319650444365984100000
218,0.000000000335416103285544920000
219,0.000000000375636966608727720000
220,0.000000000380961838759773130000
221,0.000000000331776256020739720000
222,0.000000000320917105673925030000
223,0.000000000328914053532726380000
224,0.000000000304832613855052720000
225,0.000000000270586067601273380000
226,0.000000000220289222792780130000
227,0.000000000188938801958492630000
228,0.000000000179840700066615610000
229,0.000000000158125781847419720000
230,0.000000000140305381865753740000
231,0.000000000113516311393006750000
232,0.000000000094251210538022360000
233,0.000000000086783624410437231000
234,0.000000000098330630194958677000
235,0.000000000103442525715148610000
236,0.000000000109236906611403560000
237,0.000000000107652161992004340000
238,0.000000000118152523597586310000
239,0.000000000115052198276964880000
240,0.000000000114266808643151270000
241,0.000000000136032212918171470000
242,0.000000000155303993677369310000
243,0.000000000160832616455758380000
244,0.000000000154466914322062800000
245,0.000000000127138029145641280000
246,0.000000000105788696105059590000
247,0.000000000080331074641576904000
248,0.000000000068500982589040414000
249,0.000000000054466426917378783000
250,0.000000000047056769713591983000
251,0.000000000039504403388660874000
252,0.000000000034017344377117348000
253,0.000000000033870495811513505000
254,0.000000000033376663962205684000
255,0.000000000027332199338234547000
256,0.000000000025358176196497434000
257,0.000000000019641694588131540000
258,0.000000000016190683955202759000
259,0.000000000012404987856808077000
260,0.000000000010141834324432013000
261,0.000000000009266821312425333100
262,0.000000000008880729525986238000
263,0.000000000007394714273876158600
264,0.000000000006295723144929508800
265,0.000000000005108719204860795600
266,0.000000000004109009821518232400
267,0.000000000004222235301378201300
268,0.000000000003737083425658403900
269,0.000000000003750837064788756800
270,0.000000000003409473321685526000
271,0.000000000003019520405828608500
272,0.000000000002386101810859235900
273,0.000000000001848536326622421500
274,0.000000000001459664943578227400
275,0.000000000001217800036554594700
276,0.000000000001078657849946876400
277,0.000000000001003609880343381300
278,0.000000000001044933892155635300
279,0.000000000001238110488617862000
280,0.000000000001650361573529693300
281,0.000000000002298893303293026200
282,0.000000000002803926343007715900
283,0.000000000003667089532022353500
284,0.000000000004238756540888430300
285,0.000000000004730875521736433200
286,0.000000000005346132610789683200
287,0.000000000006405883313869439600
288,0.000000000007496978822378326900
289,0.000000000007819681113203387800
290,0.000000000008752812013929637600
291,0.000000000010426005255559415000
292,0.000000000009598130688109897100
293,0.000000000008959021388833867400
294,0.000000000006843234595034021500
295,0.000000000006445766620689974600
296,0.000000000006405635922772543000
297,0.000000000005460424101388508900
298,0.000000000004631961056744288500
299,0.000000000003728564980057062400
300,0.000000000002931143371388210300
301,0.000000000002211760903600140400
302,0.000000000001618506164316781400
303,0.000000000000987356924588670900
304,0.000000000000665828126226141400
305,0.000000000000518123133549480520
306,0.000000000000416235676918486530
307,0.000000000000386614478141768550
308,0.000000000000381779225785824180
309,0.000000000000415430024446478030
310,0.000000000000423310564378517090
311,0.000000000000458455068332016840
312,0.000000000000460162687993009610
313,0.000000000000504780959113274930
314,0.000000000000494759251618683480
315,0.000000000000492990547516751310
316,0.000000000000498764848984609100
317,0.000000000000499970283242731010
318,0.000000000000503617835729691510
319,0.000000000000534505325112089680
320,0.000000000000495444643532234420
321,0.000000000000492781407695236650
322,0.000000000000538245946621733630
323,0.000000000000727452117589745810
324,0.000000000001034725136714445000
325,0.000000000001675625232453909800
326,0.000000000002228232590570839700
327,0.000000000002983673942925516200
328,0.000000000003242036306117784300
329,0.000000000003572664995875895100
330,0.000000000003726898038787439900
331,0.000000000003874157345547394400
332,0.000000000004093847268236001200
333,0.000000000004363775023755192300
334,0.000000000004509766074747510200
335,0.000000000004062707604825210300
336,0.000000000002957191260820264900
337,0.000000000002120466622991971200
338,0.000000000001743243351626925600
339,0.000000000001600315418454455800
340,0.000000000001569925531997945800
341,0.000000000001676951048006613900
342,0.000000000001692932795832093900
343,0.000000000001332074768748636600
344,0.000000000000970925494476578010
345,0.000000000000710740563642838650
346,0.000000000000632921020170691660
347,0.000000000000552381720563057820
348,0.000000000000485862778372933050
349,0.000000000000357996416308416620
350,0.000000000000235801133680786260
351,0.000000000000150007694005972510
352,0.000000000000107176002869864450
353,0.000000000000061741272173728927
354,0.000000000000037971162958788581
355,0.000000000000023359358414764409
356,0.000000000000018563294214947256
357,0.000000000000019079367880801842
358,0.000000000000024449575451787519
359,0.000000000000037796105324370896
360,0.000000000000054268696311370133
361,0.000000000000072522974292636659
362,0.000000000000092390105771992482
363,0.000000000000108549927376753930
364,0.000000000000101024812468578630
365,0.000000000000107518541244322950
366,0.000000000000112242518801157040
367,0.000000000000124371703612051760
368,0.000000000000124482783422415700
369,0.000000000000117124905186816660
370,0.000000000000120748425800674120
371,0.000000000000105082219072352420
372,0.000000000000070908319834399729
373,0.000000000000041922570086596699
374,0.000000000000023019200799800038
375,0.000000000000014643155683120539
376,0.000000000000010950555333022924
377,0.000000000000007551687401645437
378,0.000000000000005390336579211722
379,0.000000000000003837159405766431
380,0.000000000000002288415465976121
381,0.000000000000001451668642397763
382,0.000000000000000866149773032264
383,0.000000000000000499466370042660
384,0.000000000000000268645443081597
385,0.000000000000000152174981881245
386,0.000000000000000088746643451334
387,0.000000000000000055137762941084
388,0.000000000000000037383563225712
389,0.000000000000000022817253891110
390,0.000000000000000014866869869240
391,0.000000000000000007632251314617
392,0.000000000000000004196291833424
393,0.000000000000000002517685888747
394,0.000000000000000001770911757982
395,0.000000000000000001198086445364
396,0.000000000000000000940289776794
397,0.000000000000000000671010142716
398,0.000000000000000000482658747423
399,0.000000000000000000344322807569
400,0.000000000000000000237886023241
401,0.000000000000000000184675411551
402,0.000000000000000000132609829330
403,0.000000000000000000093409310878
404,0.000000000000000000056670259546
405,0.000000000000000000031669569460
406,0.000000000000000000022403244503
407,0.000000000000000000015431868598
408,0.000000000000000000010161500396
409,0.000000000000000000007176132404
410,0.000000000000000000005159279771
411,0.000000000000000000003656252414
412,0.000000000000000000002469538632
413,0.000000000000000000001485207206
414,0.000000000000000000000762539839
415,0.000000000000000000000456540505
416,0.000000000000000000000284801390
417,0.000000000000000000000187906885
418,0.000000000000000000000131527294
419,0.000000000000000000000076906676
420,0.000000000000000000000047927328
421,0.000000000000000000000027719176
422,0.000000000000000000000017351943
423,0.000000000000000000000012941397
424,0.000000000000000000000008053182
425,0.000000000000000000000004790512
426,0.000000000000000000000002558735
427,0.000000000000000000000001284003
428,0.000000000000000000000000783536
429,0.000000000000000000000000473973
430,0.000000000000000000000000325232
431,0.000000000000000000000000200798
432,0.000000000000000000000000133790
433,0.000000000000000000000000067906
434,0.000000000000000000000000039366
435,0.000000000000000000000000020553
436,0.000000000000000000000000012647
437,0.000000000000000000000000007542
438,0.000000000000000000000000004728
439,0.000000000000000000000000002706
440,0.000000000000000000000000001601
441,0.000000000000000000000000000967
442,0.000000000000000000000000000616
443,0.000000000000000000000000000415
444,0.000000000000000000000000000202
445,0.000000000000000000000000000092
446,0.000000000000000000000000000044
447,0.000000000000000000000000000021
448,0.000000000000000000000000000012
449,0.000000000000000000000000000007
450,0.000000000000000000000000000004
451,0.000000000000000000000000000002
452,0.000000000000000000000000000001
