0
22
45
68
102
137
173
208
244
278
314
348
384
418
453
487
523
558
593
628
664
698
733
768
801
837
873
909
945
981
1017
1052
1087
1122
1154
1188
1223
1258
1293
1329
1365
1401
1437
1473
1509
1545
1581
1617
1653
1689
1725
1760
1796
1832
1868
1899
1934
1970
2006
2042
2078
2114
2150
2186
2220
2256
2291
2326
2362
2397
2433
2467
2503
2538
2574
2609
2645
2681
2717
2752
2788
2823
2857
2892
2928
2963
2999
3034
3058
3082
3106
3141
3177
3212
3248
3283
3318
3342
3366
3390
3425
3460
3496
3528
3562
3597
3631
3667
3702
3738
3774
3810
3843
3879
3914
3949
3985
4021
4056
4091
4126
4162
4198
4233
4269
4305
4341
4377
4413
4449
4482
4518
4553
4589
4625
4661
4697
4733
4769
4805
4841
4877
4913
4949
4985
5021
5056
5092
5126
5162
5198
5232
5268
5304
5340
5376
5411
5446
5482
5518
5554
5590
5626
5661
5697
5731
5764
5799
5834
5867
5900
5936
5969
6005
6040
6074
6109
6145
6180
6216
6252
6286
6321
6356
6378
6402
6425
6426
6427
6428
6429
6430
6431
6432
6433
6434
6468
6501
6536
6586
6639
6691
6742
6796
6848
6898
6951
7004
7056
7110
7162
7212
7263
7316
7367
7421
7475
7527
7580
7634
7686
7739
7792
7846
7900
7952
8006
8059
8112
8163
8213
8265
8316
8369
8422
8473
8527
8580
8632
8681
8735
8789
8843
8894
8948
9002
9054
9108
9161
9215
9267
9320
9374
9428
9481
9534
9588
9641
9694
9746
9800
9854
9904
9957
10009
10061
10114
10168
10219
10272
10324
10378
10432
10486
10539
10593
10645
10697
10749
10803
10855
10906
10960
10992
11026
11061
11112
11165
11218
11269
11321
11373
11426
11477
11530
11583
11635
11687
11739
11791
11845
11896
11950
12003
12056
12110
12164
12217
12269
12322
12376
12429
12483
12537
12590
12643
12696
12749
12801
12853
12906
12960
13013
13067
13120
13174
13224
13278
13331
13385
13437
13491
13545
13599
13653
13707
13760
13811
13864
13915
13969
14023
14077
14131
14184
14238
14290
14343
14395
14447
14500
14553
14607
14660
14713
14765
14819
14872
14926
14980
15033
15086
15140
15193
15244
15296
15347
15398
15451
15504
15528
15552
15576
15612
15648
15683
15719
15755
15790
15826
15861
15897
15933
15969
16005
16041
16077
16113
16149
16185
16220
16256
16291
16326
16362
16397
16433
16469
16505
16541
16542
16543
16544
16545
16546
16547
16548
16549
16550
16551
16552
16553
16554
16555
16556
16557
16558
16559
16580
16603
16627
16661
16697
16732
16766
16800
16835
16870
16906
16940
16975
17010
17045
17080
17114
17150
17183
17219
17255
17290
17324
17359
17394
17430
17466
17502
17538
17574
17610
17646
17682
17715
17751
17786
17821
17855
17891
17927
17963
17998
18034
18069
18105
18139
18175
18210
18246
18282
18317
18353
18389
18425
18459
18495
18530
18566
18602
18638
18674
18710
18746
18782
18818
18853
18888
18923
18959
18994
19029
19065
19099
19135
19171
19207
19243
19279
19315
19351
19386
19421
19457
19492
19526
19562
19597
19649
19700
19753
19805
19859
19912
19966
20020
20072
20122
20175
20228
20280
20332
20386
20438
20490
20544
20597
20651
20704
20757
20810
20864
20916
20969
21023
21077
21130
21182
21235
21289
21342
21395
21449
21502
21554
21607
21659
21712
21765
21816
21867
21919
21972
22025
22076
22127
22180
22234
22286
22337
22390
22443
22497
22551
22605
22658
22711
22764
22818
22872
22925
22977
23031
23083
23137
23190
23244
23298
23351
23404
23457
23511
23564
23618
23671
23725
23777
23831
23884
23938
23991
24045
24099
24152
24206
24260
24313
24366
24420
24474
24528
24582
24636
24690
24744
24797
24851
24905
24959
25013
25067
25120
25174
25228
25282
25336
25388
25441
25493
25546
25600
25653
25706
25759
25812
25865
25919
25970
26023
26077
26128
26181
26235
26287
26339
26391
26442
26494
26547
26600
26653
26707
26760
26811
26861
26915
26968
27019
27072
27125
27176
27229
27282
27334
27387
27441
27492
27546
27599
27651
27704
27757
27809
27863
27917
27971
28023
28077
28129
28183
28235
28286
28340
28391
28442
28494
28546
28600
28654
28708
28761
28815
28868
28921
28975
29027
29080
29134
29186
29239
29293
29346
29400
29454
29506
29560
29613
29667
29721
29772
29825
29878
29931
29985
30039
30090
30144
30198
30251
30305
30359
30411
30465
30519
30572
30626
30679
30732
30785
30839
30893
30947
31000
31052
31105
31159
31213
31265
31319
31373
31425
31479
31533
31586
31639
31693
31746
31799
31853
31907
31961
32014
32067
32119
32172
32226
32280
32332
32386
32440
32494
32547
32601
32655
32709
32763
32816
32870
32924
32977
33031
33085
33138
33191
33245
33299
33351
33405
33459
33513
33567
33620
33673
33726
33778
33830
33884
33937
33990
34042
34095
34148
34202
34255
34308
34361
34413
34465
34518
34570
34623
34675
34728
34780
34833
34885
34937
34991
35043
35097
35149
35202
35254
35307
35360
35414
35468
35521
35575
35628
35682
35735
35788
35842
35896
35949
36003
36057
36111
36165
36219
36272
36326
36379
36431
36484
36536
36589
36642
36695
36748
36802
36855
36909
36963
37017
37071
37125
37179
37233
37286
37340
37394
37448
37501
37555
37608
37661
37715
37768
37822
37875
37929
37981
38034
38088
38141
38195
38248
38301
38354
38408
38462
38516
38570
38624
38678
38732
38784
38837
38891
38945
38997
39049
39102
39155
39207
39261
39315
39368
39420
39474
39527
39579
39633
39686
39740
39794
39846
39899
39953
40005
40057
40111
40162
40215
40269
40322
40375
40429
40481
40535
40589
40642
40694
40748
40802
40855
40909
40963
41016
41070
41124
41176
41230
41284
41338
41391
41445
41498
41551
41605
41659
41712
41765
41819
41872
41926
41979
42032
42086
42140
42193
42246
42300
42353
42407
42461
42514
42568
42621
42675
42729
42783
42837
42890
42944
42997
43051
43105
43159
43213
43266
43319
43373
43426
43480
43534
43587
43639
43693
43747
43801
43854
43907
43961
44015
44067
44120
44171
44224
44278
44330
44381
44431
44483
44534
44588
44639
44691
44744
44795
44846
44900
44952
45003
45056
45107
45159
45211
45263
45314
45368
45420
45473
45524
45578
45629
45682
45735
45785
45839
45892
45944
45995
46048
46098
46148
46201
46255
46309
46363
46415
46467
46520
46573
46626
46679
46731
46783
46837
46891
46945
46998
47052
47105
47157
47211
47265
47318
47372
47426
47479
47533
47585
47636
47690
47744
47797
47851
47905
47957
48010
48063
48117
48171
48224
48278
48332
48386
48438
48491
48544
48597
48651
48703
48755
48808
48862
48915
48969
49022
49075
49126
49177
49231
49284
49335
49388
49440
49491
49544
49596
49649
49703
49755
49809
49859
49911
49964
50017
50069
50121
50175
50227
50281
50333
50386
50439
50492
50546
50599
50652
50706
50759
50813
50867
50918
50970
51022
51074
51123
51175
51226
51278
51331
51381
51435
51489
51542
51594
51645
51698
51751
51804
51856
51910
51963
52015
52068
52122
52174
52227
52280
52332
52386
52438
52490
52542
52596
52646
52700
52751
52804
52857
52909
52962
53014
53067
53121
53174
53227
53281
53333
53386
53439
53493
53545
53597
53649
53700
53752
53805
53857
53909
53962
54014
54066
54118
54168
54220
54270
54322
54372
54423
54475
54527
54579
54627
54675
54724
54778
54829
54882
54934
54986
55040
55092
55144
55197
55247
55300
55350
55399
55450
55501
55554
55605
55657
55710
55761
55812
55865
55917
55968
56018
56069
56118
56171
56222
56273
56326
56380
56431
56483
56535
56584
56634
56688
56741
56792
56845
56899
56951
57003
57053
57102
57153
57201
57253
57305
57357
57406
57457
57508
57561
57611
57661
57712
57761
57812
57864
57916
57966
58018
58072
58122
58171
58220
58272
58322
58372
58425
58472
58524
58573
58623
58675
58729
58781
58830
58883
58935
58987
59039
59089
59141
59190
59241
59293
59345
59393
59444
59496
59529
59562
59597
59628
59661
59694
59723
59756
59790
59823
59856
59891
59924
59957
59992
60025
60059
60095
60126
60161
60193
60228
60263
60298
60332
60367
60401
60402
60403
60404
60405
60406
60407
60408
60409
60410
60446
60482
60518
60554
60590
60626
60662
60697
60733
60769
60804
60840
60876
60912
60948
60984
61020
61056
61092
61128
61164
61200
61236
61272
61308
61344
61380
61404
61428
61452
61487
61522
61558
61593
61629
61665
61701
61737
61773
61809
61845
61881
61916
61952
61986
62019
62054
62089
62124
62160
62196
62232
62268
62304
62340
62374
62410
62446
62482
62518
62553
62588
62624
62660
62696
62732
62768
62804
62839
62874
62910
62946
62981
63016
63051
63087
63123
63159
63194
63230
63265
63300
63335
63370
63406
63442
63478
63514
63550
63586
63621
63657
63693
63726
63760
63796
63831
63867
63903
63938
63972
64006
64040
64076
64110
64144
64178
64214
64247
64282
64318
64353
64389
64423
64444
64467
64490
64522
64557
64592
64624
64658
64694
64727
64761
64794
64826
64860
64895
64929
64963
64996
65029
65064
65100
65134
65169
65204
65238
65274
65309
65341
65375
65410
65464
65518
65570
65623
65677
65728
65780
65833
65886
65938
65990
66044
66093
66146
66200
66252
66305
66358
66412
66465
66519
66571
66625
66679
66732
66785
66836
66887
66938
66989
67041
67094
67147
67194
67245
67297
67347
67399
67453
67505
67558
67611
67663
67715
67767
67817
67870
67923
67972
68026
68079
68131
68184
68237
68289
68342
68396
68450
68501
68555
68607
68659
68713
68765
68818
68872
68924
68978
69030
69081
69133
69186
69240
69294
69347
69399
69453
69506
69558
69610
69662
69713
69765
69817
69866
69918
69971
70024
70078
70130
70180
70233
70285
70338
70389
70440
70492
70544
70593
70643
70696
70747
70798
70851
70904
70954
71008
71059
71110
71161
71214
71267
71321
71373
71424
71478
71532
71586
71636
71688
71741
71792
71844
71896
71948
72001
72054
72105
72157
72211
72264
72318
72371
72423
72476
72528
72581
72635
72687
72739
72793
72845
72898
72952
73004
73055
73109
73159
73213
73266
73319
73370
73424
73475
73528
73582
73636
73690
73743
73796
73850
73903
73956
74008
74062
74114
74166
74219
74271
74322
74375
74428
74478
74532
74582
74633
74686
74740
74792
74845
74899
74952
75005
75059
75113
75166
75219
75273
75327
75380
75433
75485
75539
75593
75646
75700
75754
75805
75858
75911
75964
76017
76071
76124
76177
76230
76283
76336
76390
76442
76495
76548
76601
76654
76706
76759
76813
76866
76919
76972
77025
77078
77131
77184
77236
77290
77344
77398
77452
77506
77559
77612
77665
77719
77771
77824
77877
77929
77981
78033
78086
78139
78192
78245
78297
78350
78401
78455
78508
78559
78612
78666
78719
78773
78827
78879
78933
78986
79038
79092
79144
79195
79248
79301
79355
79409
79463
79517
79570
79622
79673
79725
79779
79831
79884
79938
79991
80043
80096
80148
80201
80253
80305
80359
80413
80465
80518
80572
80625
80679
80733
80785
80839
80892
80945
80997
81051
81102
81156
81209
81261
81313
81367
81419
81472
81525
81577
81631
81685
81737
81790
81843
81897
81950
82003
82055
82109
82163
82215
82269
82322
82375
82429
82482
82536
82590
82644
82698
82751
82805
82858
82912
82966
83020
83072
83126
83180
83233
83287
83341
83393
83447
83501
83554
83607
83660
83713
83766
83819
83872
83926
83980
84033
84086
84138
84192
84245
84299
84350
84402
84455
84508
84560
84613
84667
84719
84773
84826
84879
84933
84986
85039
85093
85146
85199
85252
85305
85358
85410
85464
85518
85571
85625
85679
85733
85787
85841
85895
85949
86002
86055
86109
86163
86217
86271
86325
86378
86432
86485
86539
86592
86645
86697
86751
86805
86859
86913
86967
87021
87075
87129
87183
87237
87291
87345
87399
87453
87507
87561
87615
87669
87723
87777
87831
87884
87937
87991
88045
88098
88152
88206
88259
88313
88367
88421
88474
88528
88582
88636
88690
88744
88798
88852
88906
88960
89014
89068
89122
89176
89230
89284
89338
89392
89446
89500
89553
89607
89661
89715
89768
89819
89872
89925
89978
90031
90084
90137
90191
90244
90298
90352
90405
90457
90510
90561
90611
90664
90716
90767
90821
90873
90926
90980
91034
91086
91139
91193
91246
91299
91352
91405
91458
91512
91565
91617
91671
91725
91779
91832
91885
91936
91990
92043
92097
92151
92205
92259
92312
92366
92418
92472
92525
92579
92632
92685
92739
92791
92845
92899
92952
93005
93059
93110
93163
93217
93270
93324
93377
93430
93483
93537
93589
93643
93696
93750
93803
93857
93911
93965
94019
94072
94126
94179
94231
94285
94337
94391
94445
94498
94551
94605
94659
94713
94767
94818
94870
94924
94977
95031
95085
95135
95188
95242
95295
95348
95402
95456
95509
95563
95616
95669
95723
95776
95829
95883
95937
95990
96043
96097
96151
96205
96258
96312
96364
96418
96472
96526
96580
96633
96684
96736
96789
96839
96893
96944
96997
97051
97104
97156
97210
97263
97316
97370
97420
97472
97526
97578
97630
97684
97736
97789
97842
97895
97947
98001
98055
98105
98159
98213
98267
98320
98373
98426
98478
98529
98583
98637
98690
98743
98796
98848
98901
98954
99005
99059
99112
99165
99218
99270
99322
99376
99429
99481
99533
99587
99641
99694
99746
99800
99854
99908
99962
100016
100070
100124
100178
100232
100286
100340
100394
100448
100502
100556
100610
100664
100718
100772
100826
100880
100933
100987
101041
101095
101149
101203
101257
101311
101365
101419
101473
101527
101581
101635
101689
101743
101797
101850
101904
101958
102011
102064
102118
102172
102225
102279
102333
102387
102441
102495
102549
102603
102656
102706
102760
102814
102865
102919
102973
103026
103080
103134
103185
103239
103293
103347
103401
103455
103507
103561
103614
103667
103721
103773
103826
103880
103934
103988
104041
104095
104147
104200
104254
104305
104359
104412
104466
104520
104573
104626
104680
104734
104788
104842
104896
104949
105001
105055
105107
105160
105213
105266
105320
105373
105425
105479
105533
105569
105604
105640
105676
105712
105748
105801
105854
105908
105962
106014
106068
106119
106172
106225
106274
106326
106377
106431
106485
106536
106590
106644
106697
106751
106805
106858
106911
106964
107018
107071
107125
107175
107229
107282
107333
107387
107440
107494
107548
107599
107652
107704
107758
107811
107863
107915
107968
108021
108075
108129
108181
108235
108289
108343
108397
108451
108505
108557
108611
108665
108719
108773
108827
108880
108933
108987
109040
109092
109143
109196
109247
109300
109353
109407
109461
109513
109567
109621
109675
109727
109780
109834
109886
109938
109992
110046
110099
110153
110207
110259
110312
110366
110419
110473
110526
110579
110633
110687
110741
110792
110845
110897
110949
111002
111052
111104
111157
111209
111260
111314
111365
111417
111470
111524
111577
111629
111682
111735
111789
111842
111896
111950
112004
112057
112111
112165
112219
112272
112324
112376
112429
112479
112533
112584
112635
112686
112739
112793
112846
112897
112950
113002
113054
113107
113158
113210
113264
113315
113366
113417
113465
113514
113566
113617
113668
113719
113772
113826
113875
113929
113982
114035
114087
114137
114187
114239
114291
114343
114395
114447
114499
114551
114604
114637
114671
114704
114735
114770
114804
114858
114912
114966
115020
115073
115127
115181
115235
115289
115343
115397
115450
115504
115557
115611
115665
115718
115772
115826
115879
115932
115986
116038
116092
116145
116199
116253
116306
116359
116412
116466
116520
116574
116628
116681
116734
116788
116841
116894
116948
117002
117056
117109
117163
117216
117270
117324
117378
117432
117486
117540
117594
117648
117701
117702
117703
117704
117705
117706
117707
117708
117709
117710
117711
117712
117713
117714
117715
117716
117717
117718
117719
117720
117721
117722
117723
117724
117725
117726
117727
117728
117729
117730
117731
117732
117733
117734
117735
117736
117737
117738
117739
117740
117741
117742
117743
117744
117745
117746
117747
117748
117749
117750
117751
117752
117753
117754
117755
117756
117757
117758
117759
117760
117761
117762
117763
117764
117765
117766
117767
117768
117769
117770
117771
117772
117773
117774
117775
117776
117777
117778
117779
117780
117781
117782
117783
117784
117785
117786
117787
117788
117789
117790
117791
117792
117793
117794
117795
117796
117797
117845
117896
117948
118000
118051
118101
118149
118199
118251
118303
118351
118403
118452
118504
118556
118603
118651
118702
118752
118803
118854
118907
118958
119009
119059
119110
119161
119208
119258
119310
119361
119411
119462
119510
119561
119613
119662
119712
119763
119815
119865
119916
119967
120021
120073
120124
120177
120227
120280
120333
120385
120437
120489
120538
120616
120694
120772
120849
120928
121006
121084
121163
121240
121319
121398
121476
121551
121629
121703
121780
121860
121940
122013
122092
122169
122245
122324
122402
122477
122555
122632
122712
122789
122866
122943
123022
123099
123177
123254
123334
123409
123487
123567
123645
123721
123799
123877
123958
124037
124115
124196
124272
124351
124429
124507
124588
124669
124748
124824
124901
124977
125054
125132
125212
125285
125362
125442
125519
125596
125677
125755
125835
125914
125991
126071
126148
126222
126297
126376
126451
126527
126603
126678
126753
126832
126909
126986
127063
127140
127219
127297
127374
127449
127527
127605
127683
127758
127834
127913
127989
128066
128145
128222
128300
128378
128456
128535
128613
128692
128772
128848
128922
128998
129076
129155
129232
129309
129389
129467
129544
129623
129703
129782
129861
129940
130017
130097
130176
130253
130332
130407
130487
130564
130640
130717
130797
130877
130953
131031
131111
131188
131267
131343
131423
131500
131578
131655
131734
131813
131893
131968
132048
132125
132204
132282
132362
132442
132521
132600
132679
132758
132838
132915
132996
133075
133155
133230
133308
133385
133463
133542
133620
133698
133778
133856
133937
134015
134095
134172
134248
134326
134403
134480
134558
134633
134712
134789
134864
134944
135022
135097
135173
135252
135329
135406
135486
135563
135641
135719
135794
135872
135948
136027
136104
136181
136257
136335
136414
136492
136569
136647
136726
136806
136884
136960
137038
137118
137197
137276
137355
137432
137508
137586
137663
137741
137818
137895
137974
138048
138126
138205
138283
138362
138440
138518
138593
138671
138752
138829
138908
138987
139066
139143
139221
139298
139378
139455
139533
139609
139687
139762
139839
139919
139996
140076
140155
140233
140311
140389
140466
140543
140622
140700
140779
140855
140933
141009
141089
141166
141244
141323
141399
141478
141555
141629
141707
141785
141864
141944
142023
142103
142182
142262
142340
142419
142500
142577
142656
142735
142813
142891
142970
143049
143129
143208
143286
143364
143445
143523
143601
143681
143760
143840
143919
143994
144073
144152
144230
144307
144383
144462
144539
144618
144697
144776
144854
144932
145012
145093
145171
145250
145327
145403
145481
145562
145642
145720
145800
145880
145957
146035
146115
146193
146272
146353
146432
146511
146591
146670
146751
146827
146907
146987
147067
147148
147229
147309
147387
147467
147546
147624
147701
147781
147861
147940
148020
148101
148180
148260
148340
148417
148496
148575
148655
148736
148816
148894
148971
149052
149129
149210
149290
149368
149448
149527
149606
149686
149767
149846
149924
150004
150085
150166
150247
150328
150405
150484
150563
150641
150721
150802
150882
150961
151040
151120
151201
151281
151362
151441
151522
151601
151682
151762
151841
151922
152002
152081
152162
152241
152321
152402
152483
152562
152642
152721
152801
152881
152962
153041
153122
153203
153282
153362
153443
153521
153601
153679
153760
153841
153921
154002
154083
154162
154242
154322
154403
154484
154565
154645
154725
154804
154885
154966
155047
155128
155208
155288
155369
155450
155531
155612
155693
155773
155853
155934
156015
156096
156177
156257
156337
156418
156499
156580
156661
156741
156821
156902
156983
157064
157144
157225
157306
157387
157468
157548
157628
157707
157788
157869
157949
158028
158109
158189
158270
158351
158431
158512
158593
158674
158754
158833
158911
158990
159070
159149
159228
159307
159385
159465
159543
159623
159702
159782
159862
159940
160021
160098
160177
160257
160334
160412
160492
160569
160647
160728
160806
160885
160965
161043
161119
161198
161278
161357
161437
161518
161598
161678
161755
161835
161914
161993
162071
162150
162230
162310
162388
162465
162545
162625
162705
162784
162863
162942
163021
163101
163176
163256
163334
163412
163489
163567
163645
163723
163801
163882
163961
164038
164117
164197
164274
164352
164430
164507
164587
164666
164742
164820
164899
164977
165055
165133
165210
165289
165366
165443
165520
165599
165678
165755
165830
165908
165986
166066
166147
166225
166304
166381
166460
166538
166617
166696
166774
166853
166931
167011
167092
167172
167251
167327
167407
167484
167564
167645
167726
167806
167887
167966
168046
168126
168203
168283
168364
168445
168525
168606
168686
168765
168845
168923
169002
169082
169162
169241
169320
169399
169479
169560
169640
169720
169800
169880
169958
170039
170115
170196
170276
170352
170431
170512
170590
170668
170749
170829
170910
170990
171070
171150
171229
171310
171390
171470
171550
171630
171710
171790
171869
171950
172029
172109
172190
172271
172351
172431
172512
172592
172672
172753
172831
172912
172993
173073
173153
173234
173313
173394
173475
173555
173635
173716
173795
173875
173954
174035
174116
174195
174275
174356
174433
174512
174592
174670
174749
174830
174910
174991
175072
175151
175231
175312
175392
175471
175552
175631
175711
175792
175872
175952
176033
176113
176193
176274
176354
176435
176516
176595
176675
176756
176837
176915
176996
177075
177154
177233
177312
177391
177471
177549
177630
177709
177789
177869
177950
178030
178111
178191
178272
178352
178433
178513
178594
178675
178755
178835
178914
178993
179073
179153
179233
179312
179391
179471
179551
179632
179711
179790
179870
179950
180031
180111
180189
180270
180350
180426
180505
180585
180666
180746
180827
180906
180985
181066
181144
181224
181304
181380
181460
181541
181616
181697
181777
181855
181931
182012
182089
182169
182249
182328
182406
182487
182564
182645
182726
182803
182881
182962
183042
183122
183202
183281
183360
183440
183517
183598
183679
183758
183838
183919
183998
184076
184157
184236
184315
184395
184475
184555
184635
184714
184792
184873
184951
185031
185112
185190
185271
185350
185431
185508
185589
185668
185747
185827
185907
185988
186068
186149
186229
186310
186390
186470
186551
186630
186708
186787
186867
186947
187028
187108
187187
187268
187348
187428
187508
187588
187668
187749
187827
187906
187987
188064
188141
188222
188303
188382
188463
188543
188622
188702
188782
188863
188943
189022
189103
189184
189265
189346
189427
189507
189588
189669
189750
189831
189912
189993
190074
190154
190235
190316
190396
190476
190557
190637
190718
190797
190878
190959
191040
191120
191201
191282
191363
191444
191525
191605
191686
191767
191848
191929
192010
192091
192172
192253
192333
192414
192495
192575
192656
192736
192817
192898
192978
193057
193136
193217
193297
193378
193456
193534
193613
193691
193771
193852
193931
194009
194089
194170
194251
194332
194411
194491
194569
194647
194727
194808
194888
194967
195045
195123
195203
195284
195361
195442
195521
195598
195678
195759
195839
195920
195997
196076
196155
196236
196315
196395
196474
196554
196634
196715
196793
196873
196953
197030
197110
197191
197272
197351
197431
197512
197592
197673
197754
197834
197915
197996
198076
198156
198237
198317
198398
198479
198560
198640
198721
198801
198882
198963
199042
199123
199204
199285
199366
199447
199528
199608
199689
199769
199849
199930
200011
200092
200173
200252
200333
200414
200495
200576
200657
200738
200819
200900
200980
201061
201142
201221
201302
201383
201464
201545
201626
201707
201788
201866
201946
202027
202108
202187
202268
202348
202427
202508
202586
202666
202745
202826
202906
202987
203066
203147
203225
203306
203386
203467
203547
203625
203706
203785
203864
203945
204024
204104
204184
204264
204344
204425
204506
204585
204666
204745
204824
204905
204985
205065
205146
205226
205306
205386
205466
205546
205627
205707
205788
205869
205949
206028
206109
206190
206271
206352
206431
206510
206590
206670
206750
206829
206908
206988
207068
207148
207229
207308
207387
207467
207545
207625
207706
207786
207867
207948
208027
208106
208187
208265
208346
208427
208508
208589
208669
208750
208831
208912
208992
209073
209151
209229
209308
209388
209467
209546
209627
209706
209784
209865
209945
210026
210106
210187
210267
210348
210427
210506
210586
210665
210744
210825
210904
210983
211064
211145
211225
211304
211384
211464
211544
211624
211704
211783
211862
211942
212022
212102
212180
212260
212339
212416
212497
212577
212657
212737
212817
212895
212973
213053
213129
213208
213288
213368
213447
213528
213607
213685
213765
213845
213926
214005
214085
214164
214245
214323
214402
214482
214560
214640
214721
214801
214880
214961
215039
215119
215199
215279
215354
215435
215513
215592
215673
215754
215831
215912
215989
216067
216147
216224
216303
216384
216462
216541
216619
216699
216778
216858
216937
217017
217098
217177
217254
217334
217411
217490
217570
217649
217728
217807
217884
217960
218040
218120
218197
218277
218356
218434
218514
218595
218674
218755
218835
218914
218994
219072
219153
219231
219311
219392
219469
219549
219630
219710
219786
219866
219945
220021
220100
220178
220257
220338
220414
220491
220572
220652
220732
220812
220890
220971
221050
221129
221207
221287
221366
221444
221525
221604
221684
221764
221844
221922
222002
222081
222159
222240
222318
222398
222478
222554
222634
222713
222791
222870
222951
223029
223107
223187
223265
223345
223424
223504
223584
223665
223746
223827
223908
223988
224069
224150
224231
224311
224390
224470
224551
224632
224713
224794
224875
224954
225035
225116
225197
225277
225358
225439
225520
225601
225681
225762
225842
225922
226003
226084
226165
226246
226326
226407
226488
226569
226648
226728
226809
226889
226970
227051
227131
227211
227292
227373
227453
227534
227614
227693
227774
227851
227929
228010
228090
228171
228252
228331
228410
228491
228571
228650
228731
228811
228891
228971
229052
229131
229211
229289
229369
229449
229530
229611
229692
229772
229853
229933
230011
230092
230173
230252
230333
230414
230495
230574
230654
230733
230812
230893
230970
231049
231128
231208
231286
231367
231447
231527
231608
231687
231767
231848
231927
232003
232083
232159
232239
232318
232398
232475
232554
232634
232713
232791
232871
232948
233027
233106
233184
233263
233344
233422
233502
233582
233660
233737
233816
233893
233972
234053
234129
234207
234286
234362
234441
234521
234599
234679
234757
234835
234914
234993
235074
235154
235231
235310
235388
235469
235548
235628
235709
235787
235865
235945
236024
236102
236182
236261
236339
236418
236499
236579
236660
236741
236821
236902
236983
237063
237142
237222
237302
237383
237463
237542
237623
237704
237784
237864
237943
238024
238103
238182
238261
238342
238422
238502
238582
238663
238743
238823
238903
238982
239063
239142
239221
239301
239380
239457
239538
239617
239694
239775
239855
239934
240014
240095
240174
240255
240335
240415
